0 0 01000 0
1 0 01000 0
0 0 00101 0
1 0 00101 0
0 0 11011 0
1 0 11011 0
0 0 10111 0
1 0 10111 0
0 0 00001 0
1 0 00001 0
0 0 10011 0
1 0 10011 0
0 0 11011 0
1 0 11011 0
0 0 01001 0
1 0 01001 0
0 0 01110 0
1 0 01110 0
0 0 11011 0
1 0 11011 0
0 0 00010 0
1 0 00010 0
0 0 01111 0
1 0 01111 0
0 0 10010 0
1 0 10010 0
0 0 01110 0
1 0 01110 0
0 0 11011 0
1 0 11011 0
0 0 01001 0
1 0 01001 0
0 0 01110 0
1 0 01110 0
0 0 11011 0
1 0 11011 0
0 0 01101 0
1 0 01101 0
0 0 10101 0
1 0 10101 0
0 0 01101 0
1 0 01101 0
0 0 00010 1
1 0 00010 1
0 0 00001 0
1 0 00001 0
0 0 01001 0
1 0 01001 0
0 0 11011 0
1 0 11011 0
0 0 01000 0
1 0 01000 0
0 0 00101 0
1 0 00101 0
0 0 11011 0
1 0 11011 0
0 0 01011 0
1 0 01011 0
0 0 01110 0
1 0 01110 0
0 0 00101 0
1 0 00101 0
0 0 10111 0
1 0 10111 0
0 0 11011 0
1 0 11011 0
0 0 10100 0
1 0 10100 0
0 0 01000 0
1 0 01000 0
0 0 00001 0
1 0 00001 0
0 0 10100 0
1 0 10100 0
0 0 11011 0
1 0 11011 0
0 0 01001 0
1 0 01001 0
0 0 10100 0
1 0 10100 0
0 0 11011 0
1 0 11011 0
0 0 00110 0
1 0 00110 0
0 0 00101 1
1 0 00101 1
0 0 01100 0
1 0 01100 0
0 0 10100 0
1 0 10100 0
0 0 11011 0
1 0 11011 0
0 0 00111 0
1 0 00111 0
0 0 01111 0
1 0 01111 0
0 0 01111 0
1 0 01111 0
0 0 00100 0
1 0 00100 0
0 0 11011 0
1 0 11011 0
0 0 10101 0
1 0 10101 0
0 0 01110 1
1 0 01110 1
0 0 01001 0
1 0 01001 0
0 0 10100 0
1 0 10100 0
0 0 00101 0
1 0 00101 0
0 0 11011 0
1 0 11011 0
0 0 01111 0
1 0 01111 0
0 0 00110 0
1 0 00110 0
0 0 11011 0
1 0 11011 0
0 0 00101 0
1 0 00101 0
0 0 10010 0
1 0 10010 0
0 0 10010 0
1 0 10010 0
0 0 01111 0
1 0 01111 0
0 0 10010 1
1 0 10010 1
0 0 10011 0
1 0 10011 0 
